50
100
1 11 18
2 20 12
2 5 14
2 34 7
2 25 13
3 22 6
3 14 3
3 27 15
3 30 9
4 10 14
4 23 2
4 17 19
4 9 18
4 47 19
5 49 10
6 43 13
6 45 5
6 38 19
6 41 4
6 36 2
7 18 15
7 39 8
7 32 12
7 29 6
7 12 7
8 15 14
8 48 2
8 44 18
8 33 16
8 35 12
9 19 1
9 13 11
9 40 3
10 50 11
10 24 8
10 16 15
10 28 3
13 26 4
14 37 10
14 21 17
14 42 15
14 46 6
15 31 16
16 41 18
17 28 15
17 44 13
17 49 18
17 42 7
18 11 1
19 27 7
20 39 8
20 30 11
20 40 1
20 33 5
21 50 3
21 29 19
21 36 6
21 47 11
22 35 4
22 31 6
23 46 11
23 12 20
23 26 19
23 25 18
24 37 5
26 34 6
26 38 9
27 1 3
27 43 9
29 45 3
29 32 15
29 48 8
31 12 15
31 40 3
32 28 16
33 35 1
33 13 13
34 45 8
34 42 18
35 16 19
36 47 13
36 11 5
36 15 20
37 39 16
37 48 8
38 25 10
38 30 4
39 41 7
40 1 12
40 5 3
41 49 15
42 19 4
43 44 14
43 46 3
45 24 20
45 50 8
47 16 8
47 50 6
49 15 20
49 18 15